vi	V(n002)	I(Rd)
1.800000000000000e+00	4.999639e+00	1.803847e-06
1.801000000000000e+00	4.999632e+00	1.839803e-06
1.802000000000000e+00	4.999625e+00	1.877209e-06
1.803000000000000e+00	4.999617e+00	1.914999e-06
1.804000000000000e+00	4.999609e+00	1.953549e-06
1.804999999999999e+00	4.999601e+00	1.992873e-06
1.805999999999999e+00	4.999593e+00	2.032988e-06
1.806999999999999e+00	4.999585e+00	2.073908e-06
1.807999999999999e+00	4.999577e+00	2.115651e-06
1.808999999999999e+00	4.999568e+00	2.158233e-06
1.809999999999999e+00	4.999560e+00	2.201669e-06
1.810999999999999e+00	4.999551e+00	2.245979e-06
1.811999999999999e+00	4.999542e+00	2.291178e-06
1.812999999999999e+00	4.999533e+00	2.337286e-06
1.813999999999999e+00	4.999523e+00	2.384319e-06
1.814999999999998e+00	4.999514e+00	2.432297e-06
1.815999999999998e+00	4.999504e+00	2.481238e-06
1.816999999999998e+00	4.999494e+00	2.531163e-06
1.817999999999998e+00	4.999484e+00	2.582090e-06
1.818999999999998e+00	4.999473e+00	2.634039e-06
1.819999999999998e+00	4.999463e+00	2.687031e-06
1.820999999999998e+00	4.999452e+00	2.741087e-06
1.821999999999998e+00	4.999441e+00	2.796229e-06
1.822999999999998e+00	4.999430e+00	2.852477e-06
1.823999999999997e+00	4.999418e+00	2.909855e-06
1.824999999999997e+00	4.999406e+00	2.968384e-06
1.825999999999997e+00	4.999394e+00	3.028087e-06
1.826999999999997e+00	4.999382e+00	3.088989e-06
1.827999999999997e+00	4.999370e+00	3.151113e-06
1.828999999999997e+00	4.999357e+00	3.214484e-06
1.829999999999997e+00	4.999344e+00	3.279126e-06
1.830999999999997e+00	4.999331e+00	3.345065e-06
1.831999999999997e+00	4.999318e+00	3.412327e-06
1.832999999999996e+00	4.999304e+00	3.480938e-06
1.833999999999996e+00	4.999290e+00	3.550926e-06
1.834999999999996e+00	4.999276e+00	3.622317e-06
1.835999999999996e+00	4.999261e+00	3.695140e-06
1.836999999999996e+00	4.999246e+00	3.769424e-06
1.837999999999996e+00	4.999231e+00	3.845197e-06
1.838999999999996e+00	4.999216e+00	3.922490e-06
1.839999999999996e+00	4.999200e+00	4.001332e-06
1.840999999999996e+00	4.999184e+00	4.081755e-06
1.841999999999995e+00	4.999167e+00	4.163791e-06
1.842999999999995e+00	4.999150e+00	4.247471e-06
1.843999999999995e+00	4.999134e+00	4.332828e-06
1.844999999999995e+00	4.999116e+00	4.419896e-06
1.845999999999995e+00	4.999098e+00	4.508709e-06
1.846999999999995e+00	4.999080e+00	4.599302e-06
1.847999999999995e+00	4.999062e+00	4.691709e-06
1.848999999999995e+00	4.999043e+00	4.785969e-06
1.849999999999995e+00	4.999023e+00	4.882117e-06
1.850999999999994e+00	4.999004e+00	4.980191e-06
1.851999999999994e+00	4.998984e+00	5.080230e-06
1.852999999999994e+00	4.998963e+00	5.182273e-06
1.853999999999994e+00	4.998943e+00	5.286359e-06
1.854999999999994e+00	4.998921e+00	5.392529e-06
1.855999999999994e+00	4.998900e+00	5.500826e-06
1.856999999999994e+00	4.998878e+00	5.611291e-06
1.857999999999994e+00	4.998855e+00	5.723968e-06
1.858999999999994e+00	4.998832e+00	5.838900e-06
1.859999999999993e+00	4.998809e+00	5.956133e-06
1.860999999999993e+00	4.998785e+00	6.075713e-06
1.861999999999993e+00	4.998761e+00	6.197686e-06
1.862999999999993e+00	4.998735e+00	6.322100e-06
1.863999999999993e+00	4.998710e+00	6.449003e-06
1.864999999999993e+00	4.998684e+00	6.578445e-06
1.865999999999993e+00	4.998658e+00	6.710477e-06
1.866999999999993e+00	4.998631e+00	6.845150e-06
1.867999999999993e+00	4.998603e+00	6.982517e-06
1.868999999999992e+00	4.998576e+00	7.122631e-06
1.869999999999992e+00	4.998547e+00	7.265548e-06
1.870999999999992e+00	4.998518e+00	7.411322e-06
1.871999999999992e+00	4.998488e+00	7.560011e-06
1.872999999999992e+00	4.998457e+00	7.711673e-06
1.873999999999992e+00	4.998427e+00	7.866366e-06
1.874999999999992e+00	4.998395e+00	8.024151e-06
1.875999999999992e+00	4.998363e+00	8.185089e-06
1.876999999999992e+00	4.998330e+00	8.349245e-06
1.877999999999991e+00	4.998297e+00	8.516679e-06
1.878999999999991e+00	4.998262e+00	8.687460e-06
1.879999999999991e+00	4.998228e+00	8.861652e-06
1.880999999999991e+00	4.998192e+00	9.039323e-06
1.881999999999991e+00	4.998156e+00	9.220544e-06
1.882999999999991e+00	4.998119e+00	9.405383e-06
1.883999999999991e+00	4.998081e+00	9.593913e-06
1.884999999999991e+00	4.998043e+00	9.786208e-06
1.885999999999991e+00	4.998003e+00	9.982340e-06
1.886999999999990e+00	4.997963e+00	1.018239e-05
1.887999999999990e+00	4.997923e+00	1.038643e-05
1.888999999999990e+00	4.997881e+00	1.059454e-05
1.889999999999990e+00	4.997838e+00	1.080681e-05
1.890999999999990e+00	4.997795e+00	1.102331e-05
1.891999999999990e+00	4.997751e+00	1.124413e-05
1.892999999999990e+00	4.997706e+00	1.146935e-05
1.893999999999990e+00	4.997660e+00	1.169907e-05
1.894999999999990e+00	4.997613e+00	1.193337e-05
1.895999999999989e+00	4.997566e+00	1.217234e-05
1.896999999999989e+00	4.997517e+00	1.241607e-05
1.897999999999989e+00	4.997467e+00	1.266466e-05
1.898999999999989e+00	4.997416e+00	1.291821e-05
1.899999999999989e+00	4.997365e+00	1.317681e-05
1.900999999999989e+00	4.997312e+00	1.344056e-05
1.901999999999989e+00	4.997258e+00	1.370956e-05
1.902999999999989e+00	4.997203e+00	1.398393e-05
1.903999999999989e+00	4.997147e+00	1.426376e-05
1.904999999999988e+00	4.997090e+00	1.454916e-05
1.905999999999988e+00	4.997032e+00	1.484025e-05
1.906999999999988e+00	4.996973e+00	1.513713e-05
1.907999999999988e+00	4.996912e+00	1.543992e-05
1.908999999999988e+00	4.996850e+00	1.574874e-05
1.909999999999988e+00	4.996787e+00	1.606370e-05
1.910999999999988e+00	4.996723e+00	1.638493e-05
1.911999999999988e+00	4.996657e+00	1.671255e-05
1.912999999999988e+00	4.996591e+00	1.704669e-05
1.913999999999987e+00	4.996522e+00	1.738747e-05
1.914999999999987e+00	4.996453e+00	1.773503e-05
1.915999999999987e+00	4.996382e+00	1.808950e-05
1.916999999999987e+00	4.996310e+00	1.845102e-05
1.917999999999987e+00	4.996236e+00	1.881972e-05
1.918999999999987e+00	4.996161e+00	1.919575e-05
1.919999999999987e+00	4.996084e+00	1.957925e-05
1.920999999999987e+00	4.996006e+00	1.997037e-05
1.921999999999987e+00	4.995926e+00	2.036925e-05
1.922999999999986e+00	4.995845e+00	2.077606e-05
1.923999999999986e+00	4.995762e+00	2.119095e-05
1.924999999999986e+00	4.995677e+00	2.161407e-05
1.925999999999986e+00	4.995591e+00	2.204560e-05
1.926999999999986e+00	4.995503e+00	2.248568e-05
1.927999999999986e+00	4.995413e+00	2.293450e-05
1.928999999999986e+00	4.995322e+00	2.339223e-05
1.929999999999986e+00	4.995228e+00	2.385903e-05
1.930999999999986e+00	4.995133e+00	2.433509e-05
1.931999999999986e+00	4.995036e+00	2.482058e-05
1.932999999999985e+00	4.994937e+00	2.531571e-05
1.933999999999985e+00	4.994836e+00	2.582064e-05
1.934999999999985e+00	4.994733e+00	2.633559e-05
1.935999999999985e+00	4.994628e+00	2.686073e-05
1.936999999999985e+00	4.994521e+00	2.739628e-05
1.937999999999985e+00	4.994411e+00	2.794244e-05
1.938999999999985e+00	4.994300e+00	2.849941e-05
1.939999999999985e+00	4.994186e+00	2.906741e-05
1.940999999999985e+00	4.994071e+00	2.964664e-05
1.941999999999984e+00	4.993953e+00	3.023735e-05
1.942999999999984e+00	4.993832e+00	3.083974e-05
1.943999999999984e+00	4.993709e+00	3.145404e-05
1.944999999999984e+00	4.993584e+00	3.208050e-05
1.945999999999984e+00	4.993456e+00	3.271934e-05
1.946999999999984e+00	4.993326e+00	3.337082e-05
1.947999999999984e+00	4.993193e+00	3.403517e-05
1.948999999999984e+00	4.993057e+00	3.471264e-05
1.949999999999984e+00	4.992919e+00	3.540351e-05
1.950999999999983e+00	4.992778e+00	3.610801e-05
1.951999999999983e+00	4.992635e+00	3.682643e-05
1.952999999999983e+00	4.992488e+00	3.755904e-05
1.953999999999983e+00	4.992339e+00	3.830611e-05
1.954999999999983e+00	4.992187e+00	3.906791e-05
1.955999999999983e+00	4.992031e+00	3.984475e-05
1.956999999999983e+00	4.991873e+00	4.063691e-05
1.957999999999983e+00	4.991711e+00	4.144469e-05
1.958999999999983e+00	4.991546e+00	4.226840e-05
1.959999999999982e+00	4.991378e+00	4.310835e-05
1.960999999999982e+00	4.991207e+00	4.396485e-05
1.961999999999982e+00	4.991032e+00	4.483822e-05
1.962999999999982e+00	4.990854e+00	4.572879e-05
1.963999999999982e+00	4.990673e+00	4.663691e-05
1.964999999999982e+00	4.990488e+00	4.756289e-05
1.965999999999982e+00	4.990299e+00	4.850711e-05
1.966999999999982e+00	4.990106e+00	4.946990e-05
1.967999999999982e+00	4.989910e+00	5.045164e-05
1.968999999999981e+00	4.989709e+00	5.145268e-05
1.969999999999981e+00	4.989505e+00	5.247340e-05
1.970999999999981e+00	4.989297e+00	5.351418e-05
1.971999999999981e+00	4.989085e+00	5.457542e-05
1.972999999999981e+00	4.988869e+00	5.565751e-05
1.973999999999981e+00	4.988648e+00	5.676085e-05
1.974999999999981e+00	4.988423e+00	5.788585e-05
1.975999999999981e+00	4.988194e+00	5.903293e-05
1.976999999999981e+00	4.987959e+00	6.020253e-05
1.977999999999980e+00	4.987721e+00	6.139507e-05
1.978999999999980e+00	4.987478e+00	6.261100e-05
1.979999999999980e+00	4.987230e+00	6.385076e-05
1.980999999999980e+00	4.986977e+00	6.511483e-05
1.981999999999980e+00	4.986719e+00	6.640367e-05
1.982999999999980e+00	4.986456e+00	6.771775e-05
1.983999999999980e+00	4.986188e+00	6.905758e-05
1.984999999999980e+00	4.985915e+00	7.042362e-05
1.985999999999980e+00	4.985637e+00	7.181641e-05
1.986999999999979e+00	4.985353e+00	7.323644e-05
1.987999999999979e+00	4.985063e+00	7.468426e-05
1.988999999999979e+00	4.984768e+00	7.616037e-05
1.989999999999979e+00	4.984467e+00	7.766534e-05
1.990999999999979e+00	4.984160e+00	7.919972e-05
1.991999999999979e+00	4.983847e+00	8.076407e-05
1.992999999999979e+00	4.983528e+00	8.235897e-05
1.993999999999979e+00	4.983203e+00	8.398500e-05
1.994999999999979e+00	4.982872e+00	8.564277e-05
1.995999999999978e+00	4.982533e+00	8.733287e-05
1.996999999999978e+00	4.982189e+00	8.905593e-05
1.997999999999978e+00	4.981837e+00	9.081258e-05
1.998999999999978e+00	4.981479e+00	9.260347e-05
1.999999999999978e+00	4.981114e+00	9.442924e-05
2.000999999999978e+00	4.980742e+00	9.629057e-05
2.001999999999978e+00	4.980362e+00	9.818813e-05
2.002999999999978e+00	4.979976e+00	1.001226e-04
2.003999999999978e+00	4.979581e+00	1.020947e-04
2.004999999999978e+00	4.979179e+00	1.041052e-04
2.005999999999978e+00	4.978769e+00	1.061548e-04
2.006999999999977e+00	4.978351e+00	1.082441e-04
2.007999999999977e+00	4.977925e+00	1.103741e-04
2.008999999999977e+00	4.977491e+00	1.125454e-04
2.009999999999977e+00	4.977048e+00	1.147588e-04
2.010999999999977e+00	4.976597e+00	1.170152e-04
2.011999999999977e+00	4.976137e+00	1.193154e-04
2.012999999999977e+00	4.975668e+00	1.216602e-04
2.013999999999977e+00	4.975190e+00	1.240503e-04
2.014999999999977e+00	4.974703e+00	1.264868e-04
2.015999999999976e+00	4.974206e+00	1.289705e-04
2.016999999999976e+00	4.973700e+00	1.315022e-04
2.017999999999976e+00	4.973184e+00	1.340829e-04
2.018999999999976e+00	4.972657e+00	1.367135e-04
2.019999999999976e+00	4.972121e+00	1.393950e-04
2.020999999999976e+00	4.971574e+00	1.421283e-04
2.021999999999976e+00	4.971017e+00	1.449143e-04
2.022999999999976e+00	4.970449e+00	1.477542e-04
2.023999999999976e+00	4.969870e+00	1.506488e-04
2.024999999999975e+00	4.969280e+00	1.535993e-04
2.025999999999975e+00	4.968678e+00	1.566066e-04
2.026999999999975e+00	4.968066e+00	1.596720e-04
2.027999999999975e+00	4.967441e+00	1.627963e-04
2.028999999999975e+00	4.966804e+00	1.659808e-04
2.029999999999975e+00	4.966155e+00	1.692266e-04
2.030999999999975e+00	4.965493e+00	1.725348e-04
2.031999999999975e+00	4.964818e+00	1.759067e-04
2.032999999999975e+00	4.964131e+00	1.793433e-04
2.033999999999974e+00	4.963431e+00	1.828459e-04
2.034999999999974e+00	4.962717e+00	1.864157e-04
2.035999999999974e+00	4.961989e+00	1.900541e-04
2.036999999999974e+00	4.961247e+00	1.937622e-04
2.037999999999974e+00	4.960492e+00	1.975415e-04
2.038999999999974e+00	4.959722e+00	2.013931e-04
2.039999999999974e+00	4.958936e+00	2.053185e-04
2.040999999999974e+00	4.958136e+00	2.093190e-04
2.041999999999974e+00	4.957321e+00	2.133961e-04
2.042999999999974e+00	4.956490e+00	2.175510e-04
2.043999999999973e+00	4.955643e+00	2.217854e-04
2.044999999999973e+00	4.954780e+00	2.261007e-04
2.045999999999973e+00	4.953900e+00	2.304984e-04
2.046999999999973e+00	4.953004e+00	2.349799e-04
2.047999999999973e+00	4.952091e+00	2.395469e-04
2.048999999999973e+00	4.951160e+00	2.442009e-04
2.049999999999973e+00	4.950211e+00	2.489436e-04
2.050999999999973e+00	4.949244e+00	2.537766e-04
2.051999999999973e+00	4.948260e+00	2.587015e-04
2.052999999999972e+00	4.947256e+00	2.637201e-04
2.053999999999972e+00	4.946233e+00	2.688340e-04
2.054999999999972e+00	4.945191e+00	2.740450e-04
2.055999999999972e+00	4.944129e+00	2.793550e-04
2.056999999999972e+00	4.943047e+00	2.847656e-04
2.057999999999972e+00	4.941944e+00	2.902789e-04
2.058999999999972e+00	4.940821e+00	2.958966e-04
2.059999999999972e+00	4.939676e+00	3.016207e-04
2.060999999999972e+00	4.938509e+00	3.074531e-04
2.061999999999971e+00	4.937321e+00	3.133958e-04
2.062999999999971e+00	4.936110e+00	3.194508e-04
2.063999999999971e+00	4.934876e+00	3.256202e-04
2.064999999999971e+00	4.933619e+00	3.319060e-04
2.065999999999971e+00	4.932338e+00	3.383104e-04
2.066999999999971e+00	4.931033e+00	3.448356e-04
2.067999999999971e+00	4.929703e+00	3.514836e-04
2.068999999999971e+00	4.928349e+00	3.582568e-04
2.069999999999971e+00	4.926969e+00	3.651574e-04
2.070999999999970e+00	4.925562e+00	3.721878e-04
2.071999999999970e+00	4.924130e+00	3.793502e-04
2.072999999999970e+00	4.922670e+00	3.866472e-04
2.073999999999970e+00	4.921184e+00	3.940810e-04
2.074999999999970e+00	4.919669e+00	4.016542e-04
2.075999999999970e+00	4.918126e+00	4.093693e-04
2.076999999999970e+00	4.916554e+00	4.172288e-04
2.077999999999970e+00	4.914953e+00	4.252353e-04
2.078999999999970e+00	4.913321e+00	4.333916e-04
2.079999999999969e+00	4.911660e+00	4.417002e-04
2.080999999999969e+00	4.909967e+00	4.501639e-04
2.081999999999969e+00	4.908243e+00	4.587854e-04
2.082999999999969e+00	4.906487e+00	4.675677e-04
2.083999999999969e+00	4.904697e+00	4.765136e-04
2.084999999999969e+00	4.902875e+00	4.856259e-04
2.085999999999969e+00	4.901019e+00	4.949077e-04
2.086999999999969e+00	4.899127e+00	5.043619e-04
2.087999999999969e+00	4.897202e+00	5.139917e-04
2.088999999999968e+00	4.895240e+00	5.238001e-04
2.089999999999968e+00	4.893242e+00	5.337904e-04
2.090999999999968e+00	4.891207e+00	5.439657e-04
2.091999999999968e+00	4.889134e+00	5.543294e-04
2.092999999999968e+00	4.887023e+00	5.648846e-04
2.093999999999968e+00	4.884873e+00	5.756349e-04
2.094999999999968e+00	4.882683e+00	5.865837e-04
2.095999999999968e+00	4.880453e+00	5.977345e-04
2.096999999999968e+00	4.878182e+00	6.090907e-04
2.097999999999967e+00	4.875869e+00	6.206560e-04
2.098999999999967e+00	4.873513e+00	6.324342e-04
2.099999999999967e+00	4.871114e+00	6.444288e-04
2.100999999999967e+00	4.868671e+00	6.566438e-04
2.101999999999967e+00	4.866183e+00	6.690828e-04
2.102999999999967e+00	4.863650e+00	6.817500e-04
2.103999999999967e+00	4.861070e+00	6.946491e-04
2.104999999999967e+00	4.858443e+00	7.077843e-04
2.105999999999967e+00	4.855768e+00	7.211596e-04
2.106999999999966e+00	4.853044e+00	7.347793e-04
2.107999999999966e+00	4.850270e+00	7.486474e-04
2.108999999999966e+00	4.847446e+00	7.627685e-04
2.109999999999966e+00	4.844571e+00	7.771467e-04
2.110999999999966e+00	4.841643e+00	7.917866e-04
2.111999999999966e+00	4.838662e+00	8.066926e-04
2.112999999999966e+00	4.835626e+00	8.218694e-04
2.113999999999966e+00	4.832536e+00	8.373215e-04
2.114999999999966e+00	4.829389e+00	8.530536e-04
2.115999999999965e+00	4.826186e+00	8.690707e-04
2.116999999999965e+00	4.822925e+00	8.853775e-04
2.117999999999965e+00	4.819604e+00	9.019789e-04
2.118999999999965e+00	4.816224e+00	9.188800e-04
2.119999999999965e+00	4.812783e+00	9.360860e-04
2.120999999999965e+00	4.809279e+00	9.536018e-04
2.121999999999965e+00	4.805713e+00	9.714329e-04
2.122999999999965e+00	4.802083e+00	9.895846e-04
2.123999999999965e+00	4.798388e+00	1.008062e-03
2.124999999999964e+00	4.794626e+00	1.026871e-03
2.125999999999964e+00	4.790797e+00	1.046017e-03
2.126999999999964e+00	4.786899e+00	1.065506e-03
2.127999999999964e+00	4.782931e+00	1.085343e-03
2.128999999999964e+00	4.778893e+00	1.105534e-03
2.129999999999964e+00	4.774783e+00	1.126086e-03
2.130999999999964e+00	4.770599e+00	1.147004e-03
2.131999999999964e+00	4.766341e+00	1.168294e-03
2.132999999999964e+00	4.762008e+00	1.189962e-03
2.133999999999963e+00	4.757597e+00	1.212016e-03
2.134999999999963e+00	4.753108e+00	1.234460e-03
2.135999999999963e+00	4.748539e+00	1.257302e-03
2.136999999999963e+00	4.743890e+00	1.280549e-03
2.137999999999963e+00	4.739159e+00	1.304206e-03
2.138999999999963e+00	4.734344e+00	1.328280e-03
2.139999999999963e+00	4.729444e+00	1.352779e-03
2.140999999999963e+00	4.724458e+00	1.377710e-03
2.141999999999963e+00	4.719384e+00	1.403079e-03
2.142999999999962e+00	4.714221e+00	1.428893e-03
2.143999999999962e+00	4.708968e+00	1.455160e-03
2.144999999999962e+00	4.703622e+00	1.481888e-03
2.145999999999962e+00	4.698184e+00	1.509083e-03
2.146999999999962e+00	4.692649e+00	1.536753e-03
2.147999999999962e+00	4.687019e+00	1.564906e-03
2.148999999999962e+00	4.681290e+00	1.593550e-03
2.149999999999962e+00	4.675461e+00	1.622692e-03
2.150999999999962e+00	4.669532e+00	1.652341e-03
2.151999999999961e+00	4.663499e+00	1.682505e-03
2.152999999999961e+00	4.657362e+00	1.713192e-03
2.153999999999961e+00	4.651118e+00	1.744409e-03
2.154999999999961e+00	4.644767e+00	1.776167e-03
2.155999999999961e+00	4.638306e+00	1.808472e-03
2.156999999999961e+00	4.631733e+00	1.841335e-03
2.157999999999961e+00	4.625047e+00	1.874764e-03
2.158999999999961e+00	4.618247e+00	1.908767e-03
2.159999999999961e+00	4.611330e+00	1.943353e-03
2.160999999999961e+00	4.604293e+00	1.978533e-03
2.161999999999960e+00	4.597137e+00	2.014315e-03
2.162999999999960e+00	4.589859e+00	2.050708e-03
2.163999999999960e+00	4.582456e+00	2.087723e-03
2.164999999999960e+00	4.574926e+00	2.125368e-03
2.165999999999960e+00	4.567269e+00	2.163654e-03
2.166999999999960e+00	4.559482e+00	2.202590e-03
2.167999999999960e+00	4.551563e+00	2.242187e-03
2.168999999999960e+00	4.543509e+00	2.282454e-03
2.169999999999960e+00	4.535319e+00	2.323403e-03
2.170999999999959e+00	4.526991e+00	2.365043e-03
2.171999999999959e+00	4.518523e+00	2.407385e-03
2.172999999999959e+00	4.509912e+00	2.450440e-03
2.173999999999959e+00	4.501156e+00	2.494218e-03
2.174999999999959e+00	4.492254e+00	2.538730e-03
2.175999999999959e+00	4.483202e+00	2.583989e-03
2.176999999999959e+00	4.473999e+00	2.630004e-03
2.177999999999959e+00	4.464643e+00	2.676788e-03
2.178999999999959e+00	4.455130e+00	2.724351e-03
2.179999999999958e+00	4.445459e+00	2.772706e-03
2.180999999999958e+00	4.435627e+00	2.821865e-03
2.181999999999958e+00	4.425632e+00	2.871838e-03
2.182999999999958e+00	4.415472e+00	2.922639e-03
2.183999999999958e+00	4.405144e+00	2.974280e-03
2.184999999999958e+00	4.394645e+00	3.026773e-03
2.185999999999958e+00	4.383974e+00	3.080131e-03
2.186999999999958e+00	4.373127e+00	3.134365e-03
2.187999999999958e+00	4.362102e+00	3.189491e-03
2.188999999999957e+00	4.350896e+00	3.245519e-03
2.189999999999957e+00	4.339507e+00	3.302464e-03
2.190999999999957e+00	4.327932e+00	3.360338e-03
2.191999999999957e+00	4.316169e+00	3.419155e-03
2.192999999999957e+00	4.304214e+00	3.478930e-03
2.193999999999957e+00	4.292065e+00	3.539674e-03
2.194999999999957e+00	4.279719e+00	3.601404e-03
2.195999999999957e+00	4.267174e+00	3.664132e-03
2.196999999999957e+00	4.254426e+00	3.727872e-03
2.197999999999956e+00	4.241472e+00	3.792640e-03
2.198999999999956e+00	4.228310e+00	3.858449e-03
2.199999999999956e+00	4.214937e+00	3.925316e-03
2.200999999999956e+00	4.201349e+00	3.993253e-03
2.201999999999956e+00	4.187545e+00	4.062277e-03
2.202999999999956e+00	4.173520e+00	4.132402e-03
2.203999999999956e+00	4.159271e+00	4.203645e-03
2.204999999999956e+00	4.144796e+00	4.276020e-03
2.205999999999956e+00	4.130091e+00	4.349543e-03
2.206999999999955e+00	4.115154e+00	4.424230e-03
2.207999999999955e+00	4.099980e+00	4.500098e-03
2.208999999999955e+00	4.084568e+00	4.577162e-03
2.209999999999955e+00	4.068913e+00	4.655438e-03
2.210999999999955e+00	4.053011e+00	4.734945e-03
2.211999999999955e+00	4.036860e+00	4.815697e-03
2.212999999999955e+00	4.020458e+00	4.897711e-03
2.213999999999955e+00	4.003799e+00	4.981006e-03
2.214999999999955e+00	3.986881e+00	5.065598e-03
2.215999999999954e+00	3.969699e+00	5.151504e-03
2.216999999999954e+00	3.952251e+00	5.238743e-03
2.217999999999954e+00	3.934534e+00	5.327331e-03
2.218999999999954e+00	3.916543e+00	5.417286e-03
2.219999999999954e+00	3.898274e+00	5.508628e-03
2.220999999999954e+00	3.879725e+00	5.601374e-03
2.221999999999954e+00	3.860892e+00	5.695542e-03
2.222999999999954e+00	3.841770e+00	5.791151e-03
2.223999999999954e+00	3.822356e+00	5.888219e-03
2.224999999999953e+00	3.802647e+00	5.986767e-03
2.225999999999953e+00	3.782638e+00	6.086812e-03
2.226999999999953e+00	3.762325e+00	6.188374e-03
2.227999999999953e+00	3.741705e+00	6.291474e-03
2.228999999999953e+00	3.720774e+00	6.396129e-03
2.229999999999953e+00	3.699528e+00	6.502360e-03
2.230999999999953e+00	3.677963e+00	6.610187e-03
2.231999999999953e+00	3.656074e+00	6.719630e-03
2.232999999999953e+00	3.633858e+00	6.830709e-03
2.233999999999952e+00	3.611311e+00	6.943446e-03
2.234999999999952e+00	3.588428e+00	7.057860e-03
2.235999999999952e+00	3.565206e+00	7.173972e-03
2.236999999999952e+00	3.541639e+00	7.291804e-03
2.237999999999952e+00	3.517725e+00	7.411376e-03
2.238999999999952e+00	3.493458e+00	7.532710e-03
2.239999999999952e+00	3.468834e+00	7.655828e-03
2.240999999999952e+00	3.443850e+00	7.780751e-03
2.241999999999952e+00	3.418500e+00	7.907501e-03
2.242999999999951e+00	3.392780e+00	8.036101e-03
2.243999999999951e+00	3.366686e+00	8.166572e-03
2.244999999999951e+00	3.340213e+00	8.298936e-03
2.245999999999951e+00	3.313357e+00	8.433217e-03
2.246999999999951e+00	3.286113e+00	8.569436e-03
2.247999999999951e+00	3.258476e+00	8.707618e-03
2.248999999999951e+00	3.230443e+00	8.847784e-03
2.249999999999951e+00	3.202008e+00	8.989959e-03
2.250999999999951e+00	3.173167e+00	9.134166e-03
2.251999999999950e+00	3.143914e+00	9.280427e-03
2.252999999999950e+00	3.114246e+00	9.428767e-03
2.253999999999950e+00	3.084158e+00	9.579211e-03
2.254999999999950e+00	3.053644e+00	9.731781e-03
2.255999999999950e+00	3.022700e+00	9.886502e-03
2.256999999999950e+00	2.991320e+00	1.004340e-02
2.257999999999950e+00	2.959501e+00	1.020249e-02
2.258999999999950e+00	2.927237e+00	1.036382e-02
2.259999999999950e+00	2.894523e+00	1.052739e-02
2.260999999999949e+00	2.861354e+00	1.069323e-02
2.261999999999949e+00	2.827725e+00	1.086138e-02
2.262999999999949e+00	2.793631e+00	1.103184e-02
2.263999999999949e+00	2.759067e+00	1.120466e-02
2.264999999999949e+00	2.724028e+00	1.137986e-02
2.265999999999949e+00	2.688508e+00	1.155746e-02
2.266999999999949e+00	2.652503e+00	1.173748e-02
2.267999999999949e+00	2.616007e+00	1.191996e-02
2.268999999999949e+00	2.579015e+00	1.210492e-02
2.269999999999949e+00	2.541522e+00	1.229239e-02
2.270999999999948e+00	2.503522e+00	1.248239e-02
2.271999999999948e+00	2.465011e+00	1.267495e-02
2.272999999999948e+00	2.425982e+00	1.287009e-02
2.273999999999948e+00	2.386430e+00	1.306785e-02
2.274999999999948e+00	2.346350e+00	1.326825e-02
2.275999999999948e+00	2.305737e+00	1.347131e-02
2.276999999999948e+00	2.264585e+00	1.367708e-02
2.277999999999948e+00	2.222888e+00	1.388556e-02
2.278999999999948e+00	2.180641e+00	1.409679e-02
2.279999999999947e+00	2.137839e+00	1.431080e-02
2.280999999999947e+00	2.094476e+00	1.452762e-02
2.281999999999947e+00	2.050546e+00	1.474727e-02
2.282999999999947e+00	2.006043e+00	1.496978e-02
2.283999999999947e+00	1.960963e+00	1.519519e-02
2.284999999999947e+00	1.915299e+00	1.542351e-02
2.285999999999947e+00	1.869045e+00	1.565477e-02
2.286999999999947e+00	1.822197e+00	1.588902e-02
2.287999999999947e+00	1.774748e+00	1.612626e-02
2.288999999999946e+00	1.726692e+00	1.636654e-02
2.289999999999946e+00	1.678024e+00	1.660988e-02
2.290999999999946e+00	1.628737e+00	1.685631e-02
2.291999999999946e+00	1.578827e+00	1.710587e-02
2.292999999999946e+00	1.528287e+00	1.735857e-02
2.293999999999946e+00	1.477111e+00	1.761444e-02
2.294999999999946e+00	1.425294e+00	1.787353e-02
2.295999999999946e+00	1.372829e+00	1.813586e-02
2.296999999999946e+00	1.319710e+00	1.840145e-02
2.297999999999945e+00	1.265933e+00	1.867034e-02
2.298999999999945e+00	1.211490e+00	1.894255e-02
2.299999999999945e+00	1.156376e+00	1.921812e-02
2.300999999999945e+00	1.100585e+00	1.949708e-02
2.301999999999945e+00	1.044110e+00	1.977945e-02
2.302999999999945e+00	9.869459e-01	2.006527e-02
2.303999999999945e+00	9.290866e-01	2.035457e-02
2.304999999999945e+00	8.705259e-01	2.064737e-02
2.305999999999945e+00	8.112577e-01	2.094371e-02
2.306999999999944e+00	7.512761e-01	2.124362e-02
2.307999999999944e+00	6.905748e-01	2.154713e-02
2.308999999999944e+00	6.291478e-01	2.185426e-02
2.309999999999944e+00	5.669889e-01	2.216506e-02
2.310999999999944e+00	5.040920e-01	2.247954e-02
2.311999999999944e+00	4.404511e-01	2.279774e-02
2.312999999999944e+00	3.760598e-01	2.311970e-02
2.313999999999944e+00	3.109121e-01	2.344544e-02
2.314999999999944e+00	2.450018e-01	2.377499e-02
2.315999999999943e+00	1.783228e-01	2.410839e-02
2.316999999999943e+00	1.108687e-01	2.444566e-02
2.317999999999943e+00	7.265045e-02	2.463675e-02
2.318999999999943e+00	6.846160e-02	2.465769e-02
2.319999999999943e+00	6.561906e-02	2.467190e-02
2.320999999999943e+00	6.347516e-02	2.468262e-02
2.321999999999943e+00	6.164597e-02	2.469177e-02
2.322999999999943e+00	6.004376e-02	2.469978e-02
2.323999999999943e+00	5.861461e-02	2.470693e-02
2.324999999999942e+00	5.731953e-02	2.471340e-02
2.325999999999942e+00	5.613200e-02	2.471934e-02
2.326999999999942e+00	5.503318e-02	2.472483e-02
2.327999999999942e+00	5.400904e-02	2.472995e-02
2.328999999999942e+00	5.304887e-02	2.473476e-02
2.329999999999942e+00	5.214425e-02	2.473928e-02
2.330999999999942e+00	5.128841e-02	2.474356e-02
2.331999999999942e+00	5.047585e-02	2.474762e-02
2.332999999999942e+00	4.970201e-02	2.475149e-02
2.333999999999941e+00	4.896304e-02	2.475519e-02
2.334999999999941e+00	4.825569e-02	2.475872e-02
2.335999999999941e+00	4.757718e-02	2.476211e-02
2.336999999999941e+00	4.692509e-02	2.476537e-02
2.337999999999941e+00	4.629733e-02	2.476851e-02
2.338999999999941e+00	4.569205e-02	2.477154e-02
2.339999999999941e+00	4.510763e-02	2.477446e-02
2.340999999999941e+00	4.454261e-02	2.477729e-02
2.341999999999941e+00	4.399570e-02	2.478002e-02
2.342999999999940e+00	4.346576e-02	2.478267e-02
2.343999999999940e+00	4.295172e-02	2.478524e-02
2.344999999999940e+00	4.245266e-02	2.478774e-02
2.345999999999940e+00	4.196772e-02	2.479016e-02
2.346999999999940e+00	4.149611e-02	2.479252e-02
2.347999999999940e+00	4.103711e-02	2.479482e-02
2.348999999999940e+00	4.059009e-02	2.479705e-02
2.349999999999940e+00	4.015442e-02	2.479923e-02
2.350999999999940e+00	3.972957e-02	2.480135e-02
2.351999999999939e+00	3.931501e-02	2.480342e-02
2.352999999999939e+00	3.891028e-02	2.480545e-02
2.353999999999939e+00	3.851493e-02	2.480743e-02
2.354999999999939e+00	3.812855e-02	2.480936e-02
2.355999999999939e+00	3.775076e-02	2.481125e-02
2.356999999999939e+00	3.738120e-02	2.481309e-02
2.357999999999939e+00	3.701954e-02	2.481490e-02
2.358999999999939e+00	3.666547e-02	2.481667e-02
2.359999999999939e+00	3.631869e-02	2.481841e-02
2.360999999999938e+00	3.597894e-02	2.482011e-02
2.361999999999938e+00	3.564593e-02	2.482177e-02
2.362999999999938e+00	3.531944e-02	2.482340e-02
2.363999999999938e+00	3.499924e-02	2.482500e-02
2.364999999999938e+00	3.468510e-02	2.482658e-02
2.365999999999938e+00	3.437681e-02	2.482812e-02
2.366999999999938e+00	3.407419e-02	2.482963e-02
2.367999999999938e+00	3.377705e-02	2.483111e-02
2.368999999999938e+00	3.348520e-02	2.483257e-02
2.369999999999937e+00	3.319849e-02	2.483401e-02
2.370999999999937e+00	3.291676e-02	2.483542e-02
2.371999999999937e+00	3.263985e-02	2.483680e-02
2.372999999999937e+00	3.236761e-02	2.483816e-02
2.373999999999937e+00	3.209992e-02	2.483950e-02
2.374999999999937e+00	3.183664e-02	2.484082e-02
2.375999999999937e+00	3.157764e-02	2.484211e-02
2.376999999999937e+00	3.132281e-02	2.484339e-02
2.377999999999937e+00	3.107202e-02	2.484464e-02
2.378999999999936e+00	3.082518e-02	2.484587e-02
2.379999999999936e+00	3.058217e-02	2.484709e-02
2.380999999999936e+00	3.034289e-02	2.484829e-02
2.381999999999936e+00	3.010725e-02	2.484946e-02
2.382999999999936e+00	2.987515e-02	2.485062e-02
2.383999999999936e+00	2.964651e-02	2.485177e-02
2.384999999999936e+00	2.942123e-02	2.485289e-02
2.385999999999936e+00	2.919924e-02	2.485400e-02
2.386999999999936e+00	2.898045e-02	2.485510e-02
2.387999999999936e+00	2.876480e-02	2.485618e-02
2.388999999999935e+00	2.855219e-02	2.485724e-02
2.389999999999935e+00	2.834257e-02	2.485829e-02
2.390999999999935e+00	2.813587e-02	2.485932e-02
2.391999999999935e+00	2.793202e-02	2.486034e-02
2.392999999999935e+00	2.773094e-02	2.486135e-02
2.393999999999935e+00	2.753260e-02	2.486234e-02
2.394999999999935e+00	2.733691e-02	2.486332e-02
2.395999999999935e+00	2.714383e-02	2.486428e-02
2.396999999999935e+00	2.695330e-02	2.486523e-02
2.397999999999934e+00	2.676527e-02	2.486617e-02
2.398999999999934e+00	2.657968e-02	2.486710e-02
2.400000000000000e+00	2.639648e-02	2.486802e-02
