vi	V(N005,N002)	I(Rd)
1.800000000000000e+00	-3.199639e+00	1.803847e-06
1.801000000000000e+00	-3.198632e+00	1.839803e-06
1.802000000000000e+00	-3.197625e+00	1.877209e-06
1.803000000000000e+00	-3.196617e+00	1.914999e-06
1.804000000000000e+00	-3.195609e+00	1.953549e-06
1.804999999999999e+00	-3.194601e+00	1.992873e-06
1.805999999999999e+00	-3.193593e+00	2.032988e-06
1.806999999999999e+00	-3.192585e+00	2.073908e-06
1.807999999999999e+00	-3.191577e+00	2.115651e-06
1.808999999999999e+00	-3.190568e+00	2.158233e-06
1.809999999999999e+00	-3.189560e+00	2.201669e-06
1.810999999999999e+00	-3.188551e+00	2.245979e-06
1.811999999999999e+00	-3.187542e+00	2.291178e-06
1.812999999999999e+00	-3.186533e+00	2.337286e-06
1.813999999999999e+00	-3.185523e+00	2.384319e-06
1.814999999999998e+00	-3.184514e+00	2.432297e-06
1.815999999999998e+00	-3.183504e+00	2.481238e-06
1.816999999999998e+00	-3.182494e+00	2.531163e-06
1.817999999999998e+00	-3.181484e+00	2.582090e-06
1.818999999999998e+00	-3.180473e+00	2.634039e-06
1.819999999999998e+00	-3.179463e+00	2.687031e-06
1.820999999999998e+00	-3.178452e+00	2.741087e-06
1.821999999999998e+00	-3.177441e+00	2.796229e-06
1.822999999999998e+00	-3.176430e+00	2.852477e-06
1.823999999999997e+00	-3.175418e+00	2.909855e-06
1.824999999999997e+00	-3.174406e+00	2.968384e-06
1.825999999999997e+00	-3.173394e+00	3.028087e-06
1.826999999999997e+00	-3.172382e+00	3.088989e-06
1.827999999999997e+00	-3.171370e+00	3.151113e-06
1.828999999999997e+00	-3.170357e+00	3.214484e-06
1.829999999999997e+00	-3.169344e+00	3.279126e-06
1.830999999999997e+00	-3.168331e+00	3.345065e-06
1.831999999999997e+00	-3.167318e+00	3.412327e-06
1.832999999999996e+00	-3.166304e+00	3.480938e-06
1.833999999999996e+00	-3.165290e+00	3.550926e-06
1.834999999999996e+00	-3.164276e+00	3.622317e-06
1.835999999999996e+00	-3.163261e+00	3.695140e-06
1.836999999999996e+00	-3.162246e+00	3.769424e-06
1.837999999999996e+00	-3.161231e+00	3.845197e-06
1.838999999999996e+00	-3.160216e+00	3.922490e-06
1.839999999999996e+00	-3.159200e+00	4.001332e-06
1.840999999999996e+00	-3.158184e+00	4.081755e-06
1.841999999999995e+00	-3.157167e+00	4.163791e-06
1.842999999999995e+00	-3.156150e+00	4.247471e-06
1.843999999999995e+00	-3.155134e+00	4.332828e-06
1.844999999999995e+00	-3.154116e+00	4.419896e-06
1.845999999999995e+00	-3.153098e+00	4.508709e-06
1.846999999999995e+00	-3.152080e+00	4.599302e-06
1.847999999999995e+00	-3.151062e+00	4.691709e-06
1.848999999999995e+00	-3.150043e+00	4.785969e-06
1.849999999999995e+00	-3.149023e+00	4.882117e-06
1.850999999999994e+00	-3.148004e+00	4.980191e-06
1.851999999999994e+00	-3.146984e+00	5.080230e-06
1.852999999999994e+00	-3.145963e+00	5.182273e-06
1.853999999999994e+00	-3.144943e+00	5.286359e-06
1.854999999999994e+00	-3.143921e+00	5.392529e-06
1.855999999999994e+00	-3.142900e+00	5.500826e-06
1.856999999999994e+00	-3.141878e+00	5.611291e-06
1.857999999999994e+00	-3.140855e+00	5.723968e-06
1.858999999999994e+00	-3.139832e+00	5.838900e-06
1.859999999999993e+00	-3.138809e+00	5.956133e-06
1.860999999999993e+00	-3.137785e+00	6.075713e-06
1.861999999999993e+00	-3.136761e+00	6.197686e-06
1.862999999999993e+00	-3.135735e+00	6.322100e-06
1.863999999999993e+00	-3.134710e+00	6.449003e-06
1.864999999999993e+00	-3.133684e+00	6.578445e-06
1.865999999999993e+00	-3.132658e+00	6.710477e-06
1.866999999999993e+00	-3.131631e+00	6.845150e-06
1.867999999999993e+00	-3.130603e+00	6.982517e-06
1.868999999999992e+00	-3.129576e+00	7.122631e-06
1.869999999999992e+00	-3.128547e+00	7.265548e-06
1.870999999999992e+00	-3.127517e+00	7.411322e-06
1.871999999999992e+00	-3.126488e+00	7.560011e-06
1.872999999999992e+00	-3.125457e+00	7.711673e-06
1.873999999999992e+00	-3.124427e+00	7.866366e-06
1.874999999999992e+00	-3.123395e+00	8.024151e-06
1.875999999999992e+00	-3.122363e+00	8.185089e-06
1.876999999999992e+00	-3.121330e+00	8.349245e-06
1.877999999999991e+00	-3.120297e+00	8.516679e-06
1.878999999999991e+00	-3.119262e+00	8.687460e-06
1.879999999999991e+00	-3.118228e+00	8.861652e-06
1.880999999999991e+00	-3.117192e+00	9.039323e-06
1.881999999999991e+00	-3.116156e+00	9.220544e-06
1.882999999999991e+00	-3.115119e+00	9.405383e-06
1.883999999999991e+00	-3.114081e+00	9.593913e-06
1.884999999999991e+00	-3.113043e+00	9.786208e-06
1.885999999999991e+00	-3.112003e+00	9.982340e-06
1.886999999999990e+00	-3.110963e+00	1.018239e-05
1.887999999999990e+00	-3.109923e+00	1.038643e-05
1.888999999999990e+00	-3.108881e+00	1.059454e-05
1.889999999999990e+00	-3.107839e+00	1.080681e-05
1.890999999999990e+00	-3.106795e+00	1.102331e-05
1.891999999999990e+00	-3.105751e+00	1.124413e-05
1.892999999999990e+00	-3.104706e+00	1.146935e-05
1.893999999999990e+00	-3.103660e+00	1.169907e-05
1.894999999999990e+00	-3.102613e+00	1.193337e-05
1.895999999999989e+00	-3.101566e+00	1.217234e-05
1.896999999999989e+00	-3.100517e+00	1.241607e-05
1.897999999999989e+00	-3.099467e+00	1.266466e-05
1.898999999999989e+00	-3.098416e+00	1.291821e-05
1.899999999999989e+00	-3.097365e+00	1.317681e-05
1.900999999999989e+00	-3.096312e+00	1.344056e-05
1.901999999999989e+00	-3.095258e+00	1.370956e-05
1.902999999999989e+00	-3.094203e+00	1.398393e-05
1.903999999999989e+00	-3.093147e+00	1.426376e-05
1.904999999999988e+00	-3.092090e+00	1.454916e-05
1.905999999999988e+00	-3.091032e+00	1.484025e-05
1.906999999999988e+00	-3.089973e+00	1.513713e-05
1.907999999999988e+00	-3.088912e+00	1.543992e-05
1.908999999999988e+00	-3.087850e+00	1.574874e-05
1.909999999999988e+00	-3.086787e+00	1.606370e-05
1.910999999999988e+00	-3.085723e+00	1.638493e-05
1.911999999999988e+00	-3.084657e+00	1.671255e-05
1.912999999999988e+00	-3.083591e+00	1.704669e-05
1.913999999999987e+00	-3.082522e+00	1.738747e-05
1.914999999999987e+00	-3.081453e+00	1.773503e-05
1.915999999999987e+00	-3.080382e+00	1.808950e-05
1.916999999999987e+00	-3.079310e+00	1.845102e-05
1.917999999999987e+00	-3.078236e+00	1.881972e-05
1.918999999999987e+00	-3.077161e+00	1.919575e-05
1.919999999999987e+00	-3.076084e+00	1.957925e-05
1.920999999999987e+00	-3.075006e+00	1.997037e-05
1.921999999999987e+00	-3.073926e+00	2.036925e-05
1.922999999999986e+00	-3.072845e+00	2.077606e-05
1.923999999999986e+00	-3.071762e+00	2.119095e-05
1.924999999999986e+00	-3.070677e+00	2.161407e-05
1.925999999999986e+00	-3.069591e+00	2.204560e-05
1.926999999999986e+00	-3.068503e+00	2.248568e-05
1.927999999999986e+00	-3.067413e+00	2.293450e-05
1.928999999999986e+00	-3.066322e+00	2.339223e-05
1.929999999999986e+00	-3.065228e+00	2.385903e-05
1.930999999999986e+00	-3.064133e+00	2.433509e-05
1.931999999999986e+00	-3.063036e+00	2.482058e-05
1.932999999999985e+00	-3.061937e+00	2.531571e-05
1.933999999999985e+00	-3.060836e+00	2.582064e-05
1.934999999999985e+00	-3.059733e+00	2.633559e-05
1.935999999999985e+00	-3.058628e+00	2.686073e-05
1.936999999999985e+00	-3.057521e+00	2.739628e-05
1.937999999999985e+00	-3.056412e+00	2.794244e-05
1.938999999999985e+00	-3.055300e+00	2.849941e-05
1.939999999999985e+00	-3.054186e+00	2.906741e-05
1.940999999999985e+00	-3.053071e+00	2.964664e-05
1.941999999999984e+00	-3.051953e+00	3.023735e-05
1.942999999999984e+00	-3.050832e+00	3.083974e-05
1.943999999999984e+00	-3.049709e+00	3.145404e-05
1.944999999999984e+00	-3.048584e+00	3.208050e-05
1.945999999999984e+00	-3.047456e+00	3.271934e-05
1.946999999999984e+00	-3.046326e+00	3.337082e-05
1.947999999999984e+00	-3.045193e+00	3.403517e-05
1.948999999999984e+00	-3.044057e+00	3.471264e-05
1.949999999999984e+00	-3.042919e+00	3.540351e-05
1.950999999999983e+00	-3.041778e+00	3.610801e-05
1.951999999999983e+00	-3.040635e+00	3.682643e-05
1.952999999999983e+00	-3.039488e+00	3.755904e-05
1.953999999999983e+00	-3.038339e+00	3.830611e-05
1.954999999999983e+00	-3.037187e+00	3.906791e-05
1.955999999999983e+00	-3.036031e+00	3.984475e-05
1.956999999999983e+00	-3.034873e+00	4.063691e-05
1.957999999999983e+00	-3.033711e+00	4.144469e-05
1.958999999999983e+00	-3.032546e+00	4.226840e-05
1.959999999999982e+00	-3.031378e+00	4.310835e-05
1.960999999999982e+00	-3.030207e+00	4.396485e-05
1.961999999999982e+00	-3.029032e+00	4.483822e-05
1.962999999999982e+00	-3.027854e+00	4.572879e-05
1.963999999999982e+00	-3.026673e+00	4.663691e-05
1.964999999999982e+00	-3.025488e+00	4.756289e-05
1.965999999999982e+00	-3.024299e+00	4.850711e-05
1.966999999999982e+00	-3.023106e+00	4.946990e-05
1.967999999999982e+00	-3.021910e+00	5.045164e-05
1.968999999999981e+00	-3.020709e+00	5.145268e-05
1.969999999999981e+00	-3.019505e+00	5.247340e-05
1.970999999999981e+00	-3.018297e+00	5.351418e-05
1.971999999999981e+00	-3.017085e+00	5.457542e-05
1.972999999999981e+00	-3.015869e+00	5.565751e-05
1.973999999999981e+00	-3.014648e+00	5.676085e-05
1.974999999999981e+00	-3.013423e+00	5.788585e-05
1.975999999999981e+00	-3.012194e+00	5.903293e-05
1.976999999999981e+00	-3.010959e+00	6.020253e-05
1.977999999999980e+00	-3.009721e+00	6.139507e-05
1.978999999999980e+00	-3.008478e+00	6.261100e-05
1.979999999999980e+00	-3.007230e+00	6.385076e-05
1.980999999999980e+00	-3.005977e+00	6.511483e-05
1.981999999999980e+00	-3.004719e+00	6.640367e-05
1.982999999999980e+00	-3.003456e+00	6.771775e-05
1.983999999999980e+00	-3.002188e+00	6.905758e-05
1.984999999999980e+00	-3.000915e+00	7.042362e-05
1.985999999999980e+00	-2.999637e+00	7.181641e-05
1.986999999999979e+00	-2.998353e+00	7.323644e-05
1.987999999999979e+00	-2.997063e+00	7.468426e-05
1.988999999999979e+00	-2.995768e+00	7.616037e-05
1.989999999999979e+00	-2.994467e+00	7.766534e-05
1.990999999999979e+00	-2.993160e+00	7.919972e-05
1.991999999999979e+00	-2.991847e+00	8.076407e-05
1.992999999999979e+00	-2.990528e+00	8.235897e-05
1.993999999999979e+00	-2.989203e+00	8.398500e-05
1.994999999999979e+00	-2.987872e+00	8.564277e-05
1.995999999999978e+00	-2.986533e+00	8.733287e-05
1.996999999999978e+00	-2.985189e+00	8.905593e-05
1.997999999999978e+00	-2.983837e+00	9.081258e-05
1.998999999999978e+00	-2.982479e+00	9.260347e-05
1.999999999999978e+00	-2.981114e+00	9.442924e-05
2.000999999999978e+00	-2.979742e+00	9.629057e-05
2.001999999999978e+00	-2.978362e+00	9.818813e-05
2.002999999999978e+00	-2.976976e+00	1.001226e-04
2.003999999999978e+00	-2.975581e+00	1.020947e-04
2.004999999999978e+00	-2.974179e+00	1.041052e-04
2.005999999999978e+00	-2.972769e+00	1.061548e-04
2.006999999999977e+00	-2.971351e+00	1.082441e-04
2.007999999999977e+00	-2.969925e+00	1.103741e-04
2.008999999999977e+00	-2.968491e+00	1.125454e-04
2.009999999999977e+00	-2.967048e+00	1.147588e-04
2.010999999999977e+00	-2.965597e+00	1.170152e-04
2.011999999999977e+00	-2.964137e+00	1.193154e-04
2.012999999999977e+00	-2.962668e+00	1.216602e-04
2.013999999999977e+00	-2.961190e+00	1.240503e-04
2.014999999999977e+00	-2.959703e+00	1.264868e-04
2.015999999999976e+00	-2.958206e+00	1.289705e-04
2.016999999999976e+00	-2.956700e+00	1.315022e-04
2.017999999999976e+00	-2.955184e+00	1.340829e-04
2.018999999999976e+00	-2.953657e+00	1.367135e-04
2.019999999999976e+00	-2.952121e+00	1.393950e-04
2.020999999999976e+00	-2.950574e+00	1.421283e-04
2.021999999999976e+00	-2.949017e+00	1.449143e-04
2.022999999999976e+00	-2.947449e+00	1.477542e-04
2.023999999999976e+00	-2.945870e+00	1.506488e-04
2.024999999999975e+00	-2.944280e+00	1.535993e-04
2.025999999999975e+00	-2.942678e+00	1.566066e-04
2.026999999999975e+00	-2.941066e+00	1.596720e-04
2.027999999999975e+00	-2.939440e+00	1.627963e-04
2.028999999999975e+00	-2.937804e+00	1.659808e-04
2.029999999999975e+00	-2.936155e+00	1.692266e-04
2.030999999999975e+00	-2.934493e+00	1.725348e-04
2.031999999999975e+00	-2.932818e+00	1.759067e-04
2.032999999999975e+00	-2.931131e+00	1.793433e-04
2.033999999999974e+00	-2.929431e+00	1.828459e-04
2.034999999999974e+00	-2.927717e+00	1.864157e-04
2.035999999999974e+00	-2.925989e+00	1.900541e-04
2.036999999999974e+00	-2.924248e+00	1.937622e-04
2.037999999999974e+00	-2.922492e+00	1.975415e-04
2.038999999999974e+00	-2.920722e+00	2.013931e-04
2.039999999999974e+00	-2.918936e+00	2.053185e-04
2.040999999999974e+00	-2.917136e+00	2.093190e-04
2.041999999999974e+00	-2.915321e+00	2.133961e-04
2.042999999999974e+00	-2.913490e+00	2.175510e-04
2.043999999999973e+00	-2.911643e+00	2.217854e-04
2.044999999999973e+00	-2.909780e+00	2.261007e-04
2.045999999999973e+00	-2.907900e+00	2.304984e-04
2.046999999999973e+00	-2.906004e+00	2.349799e-04
2.047999999999973e+00	-2.904091e+00	2.395469e-04
2.048999999999973e+00	-2.902160e+00	2.442009e-04
2.049999999999973e+00	-2.900211e+00	2.489436e-04
2.050999999999973e+00	-2.898244e+00	2.537766e-04
2.051999999999973e+00	-2.896260e+00	2.587015e-04
2.052999999999972e+00	-2.894256e+00	2.637201e-04
2.053999999999972e+00	-2.892233e+00	2.688340e-04
2.054999999999972e+00	-2.890191e+00	2.740450e-04
2.055999999999972e+00	-2.888129e+00	2.793550e-04
2.056999999999972e+00	-2.886047e+00	2.847656e-04
2.057999999999972e+00	-2.883944e+00	2.902789e-04
2.058999999999972e+00	-2.881821e+00	2.958966e-04
2.059999999999972e+00	-2.879676e+00	3.016207e-04
2.060999999999972e+00	-2.877509e+00	3.074531e-04
2.061999999999971e+00	-2.875321e+00	3.133958e-04
2.062999999999971e+00	-2.873110e+00	3.194508e-04
2.063999999999971e+00	-2.870876e+00	3.256202e-04
2.064999999999971e+00	-2.868619e+00	3.319060e-04
2.065999999999971e+00	-2.866338e+00	3.383104e-04
2.066999999999971e+00	-2.864033e+00	3.448356e-04
2.067999999999971e+00	-2.861703e+00	3.514836e-04
2.068999999999971e+00	-2.859349e+00	3.582568e-04
2.069999999999971e+00	-2.856969e+00	3.651574e-04
2.070999999999970e+00	-2.854562e+00	3.721878e-04
2.071999999999970e+00	-2.852130e+00	3.793502e-04
2.072999999999970e+00	-2.849670e+00	3.866472e-04
2.073999999999970e+00	-2.847184e+00	3.940810e-04
2.074999999999970e+00	-2.844669e+00	4.016542e-04
2.075999999999970e+00	-2.842126e+00	4.093693e-04
2.076999999999970e+00	-2.839555e+00	4.172288e-04
2.077999999999970e+00	-2.836953e+00	4.252353e-04
2.078999999999970e+00	-2.834321e+00	4.333916e-04
2.079999999999969e+00	-2.831660e+00	4.417002e-04
2.080999999999969e+00	-2.828967e+00	4.501639e-04
2.081999999999969e+00	-2.826243e+00	4.587854e-04
2.082999999999969e+00	-2.823487e+00	4.675677e-04
2.083999999999969e+00	-2.820697e+00	4.765136e-04
2.084999999999969e+00	-2.817875e+00	4.856259e-04
2.085999999999969e+00	-2.815019e+00	4.949077e-04
2.086999999999969e+00	-2.812128e+00	5.043619e-04
2.087999999999969e+00	-2.809201e+00	5.139917e-04
2.088999999999968e+00	-2.806240e+00	5.238001e-04
2.089999999999968e+00	-2.803242e+00	5.337904e-04
2.090999999999968e+00	-2.800207e+00	5.439657e-04
2.091999999999968e+00	-2.797134e+00	5.543294e-04
2.092999999999968e+00	-2.794023e+00	5.648846e-04
2.093999999999968e+00	-2.790873e+00	5.756349e-04
2.094999999999968e+00	-2.787683e+00	5.865837e-04
2.095999999999968e+00	-2.784453e+00	5.977345e-04
2.096999999999968e+00	-2.781182e+00	6.090907e-04
2.097999999999967e+00	-2.777869e+00	6.206560e-04
2.098999999999967e+00	-2.774513e+00	6.324342e-04
2.099999999999967e+00	-2.771114e+00	6.444288e-04
2.100999999999967e+00	-2.767671e+00	6.566438e-04
2.101999999999967e+00	-2.764183e+00	6.690828e-04
2.102999999999967e+00	-2.760650e+00	6.817500e-04
2.103999999999967e+00	-2.757070e+00	6.946491e-04
2.104999999999967e+00	-2.753443e+00	7.077843e-04
2.105999999999967e+00	-2.749768e+00	7.211596e-04
2.106999999999966e+00	-2.746044e+00	7.347793e-04
2.107999999999966e+00	-2.742270e+00	7.486474e-04
2.108999999999966e+00	-2.738446e+00	7.627685e-04
2.109999999999966e+00	-2.734571e+00	7.771467e-04
2.110999999999966e+00	-2.730643e+00	7.917866e-04
2.111999999999966e+00	-2.726662e+00	8.066926e-04
2.112999999999966e+00	-2.722626e+00	8.218694e-04
2.113999999999966e+00	-2.718536e+00	8.373215e-04
2.114999999999966e+00	-2.714389e+00	8.530536e-04
2.115999999999965e+00	-2.710186e+00	8.690707e-04
2.116999999999965e+00	-2.705925e+00	8.853775e-04
2.117999999999965e+00	-2.701604e+00	9.019789e-04
2.118999999999965e+00	-2.697224e+00	9.188800e-04
2.119999999999965e+00	-2.692783e+00	9.360860e-04
2.120999999999965e+00	-2.688279e+00	9.536018e-04
2.121999999999965e+00	-2.683713e+00	9.714329e-04
2.122999999999965e+00	-2.679083e+00	9.895846e-04
2.123999999999965e+00	-2.674387e+00	1.008062e-03
2.124999999999964e+00	-2.669626e+00	1.026871e-03
2.125999999999964e+00	-2.664797e+00	1.046017e-03
2.126999999999964e+00	-2.659899e+00	1.065506e-03
2.127999999999964e+00	-2.654931e+00	1.085343e-03
2.128999999999964e+00	-2.649893e+00	1.105534e-03
2.129999999999964e+00	-2.644783e+00	1.126086e-03
2.130999999999964e+00	-2.639599e+00	1.147004e-03
2.131999999999964e+00	-2.634341e+00	1.168294e-03
2.132999999999964e+00	-2.629008e+00	1.189962e-03
2.133999999999963e+00	-2.623597e+00	1.212016e-03
2.134999999999963e+00	-2.618108e+00	1.234460e-03
2.135999999999963e+00	-2.612540e+00	1.257302e-03
2.136999999999963e+00	-2.606890e+00	1.280549e-03
2.137999999999963e+00	-2.601159e+00	1.304206e-03
2.138999999999963e+00	-2.595344e+00	1.328280e-03
2.139999999999963e+00	-2.589444e+00	1.352779e-03
2.140999999999963e+00	-2.583458e+00	1.377710e-03
2.141999999999963e+00	-2.577384e+00	1.403079e-03
2.142999999999962e+00	-2.571222e+00	1.428893e-03
2.143999999999962e+00	-2.564968e+00	1.455160e-03
2.144999999999962e+00	-2.558622e+00	1.481888e-03
2.145999999999962e+00	-2.552184e+00	1.509083e-03
2.146999999999962e+00	-2.545649e+00	1.536753e-03
2.147999999999962e+00	-2.539019e+00	1.564906e-03
2.148999999999962e+00	-2.532290e+00	1.593550e-03
2.149999999999962e+00	-2.525461e+00	1.622692e-03
2.150999999999962e+00	-2.518532e+00	1.652341e-03
2.151999999999961e+00	-2.511499e+00	1.682505e-03
2.152999999999961e+00	-2.504361e+00	1.713192e-03
2.153999999999961e+00	-2.497118e+00	1.744409e-03
2.154999999999961e+00	-2.489767e+00	1.776167e-03
2.155999999999961e+00	-2.482306e+00	1.808472e-03
2.156999999999961e+00	-2.474733e+00	1.841335e-03
2.157999999999961e+00	-2.467047e+00	1.874764e-03
2.158999999999961e+00	-2.459247e+00	1.908767e-03
2.159999999999961e+00	-2.451329e+00	1.943353e-03
2.160999999999961e+00	-2.443293e+00	1.978533e-03
2.161999999999960e+00	-2.435137e+00	2.014315e-03
2.162999999999960e+00	-2.426858e+00	2.050708e-03
2.163999999999960e+00	-2.418456e+00	2.087723e-03
2.164999999999960e+00	-2.409926e+00	2.125368e-03
2.165999999999960e+00	-2.401269e+00	2.163654e-03
2.166999999999960e+00	-2.392482e+00	2.202590e-03
2.167999999999960e+00	-2.383563e+00	2.242187e-03
2.168999999999960e+00	-2.374509e+00	2.282454e-03
2.169999999999960e+00	-2.365319e+00	2.323403e-03
2.170999999999959e+00	-2.355991e+00	2.365043e-03
2.171999999999959e+00	-2.346523e+00	2.407385e-03
2.172999999999959e+00	-2.336912e+00	2.450440e-03
2.173999999999959e+00	-2.327156e+00	2.494218e-03
2.174999999999959e+00	-2.317254e+00	2.538730e-03
2.175999999999959e+00	-2.307202e+00	2.583989e-03
2.176999999999959e+00	-2.296999e+00	2.630004e-03
2.177999999999959e+00	-2.286643e+00	2.676788e-03
2.178999999999959e+00	-2.276130e+00	2.724351e-03
2.179999999999958e+00	-2.265459e+00	2.772706e-03
2.180999999999958e+00	-2.254627e+00	2.821865e-03
2.181999999999958e+00	-2.243633e+00	2.871838e-03
2.182999999999958e+00	-2.232472e+00	2.922639e-03
2.183999999999958e+00	-2.221144e+00	2.974280e-03
2.184999999999958e+00	-2.209645e+00	3.026773e-03
2.185999999999958e+00	-2.197974e+00	3.080131e-03
2.186999999999958e+00	-2.186127e+00	3.134365e-03
2.187999999999958e+00	-2.174102e+00	3.189491e-03
2.188999999999957e+00	-2.161896e+00	3.245519e-03
2.189999999999957e+00	-2.149507e+00	3.302464e-03
2.190999999999957e+00	-2.136932e+00	3.360338e-03
2.191999999999957e+00	-2.124169e+00	3.419155e-03
2.192999999999957e+00	-2.111214e+00	3.478930e-03
2.193999999999957e+00	-2.098065e+00	3.539674e-03
2.194999999999957e+00	-2.084719e+00	3.601404e-03
2.195999999999957e+00	-2.071174e+00	3.664132e-03
2.196999999999957e+00	-2.057425e+00	3.727872e-03
2.197999999999956e+00	-2.043472e+00	3.792640e-03
2.198999999999956e+00	-2.029310e+00	3.858449e-03
2.199999999999956e+00	-2.014937e+00	3.925316e-03
2.200999999999956e+00	-2.000349e+00	3.993253e-03
2.201999999999956e+00	-1.985545e+00	4.062277e-03
2.202999999999956e+00	-1.970520e+00	4.132402e-03
2.203999999999956e+00	-1.955271e+00	4.203645e-03
2.204999999999956e+00	-1.939796e+00	4.276020e-03
2.205999999999956e+00	-1.924091e+00	4.349543e-03
2.206999999999955e+00	-1.908154e+00	4.424230e-03
2.207999999999955e+00	-1.891980e+00	4.500098e-03
2.208999999999955e+00	-1.875567e+00	4.577162e-03
2.209999999999955e+00	-1.858912e+00	4.655438e-03
2.210999999999955e+00	-1.842011e+00	4.734945e-03
2.211999999999955e+00	-1.824861e+00	4.815697e-03
2.212999999999955e+00	-1.807458e+00	4.897711e-03
2.213999999999955e+00	-1.789799e+00	4.981006e-03
2.214999999999955e+00	-1.771881e+00	5.065598e-03
2.215999999999954e+00	-1.753699e+00	5.151504e-03
2.216999999999954e+00	-1.735251e+00	5.238743e-03
2.217999999999954e+00	-1.716534e+00	5.327331e-03
2.218999999999954e+00	-1.697543e+00	5.417286e-03
2.219999999999954e+00	-1.678274e+00	5.508628e-03
2.220999999999954e+00	-1.658725e+00	5.601374e-03
2.221999999999954e+00	-1.638892e+00	5.695542e-03
2.222999999999954e+00	-1.618770e+00	5.791151e-03
2.223999999999954e+00	-1.598356e+00	5.888219e-03
2.224999999999953e+00	-1.577647e+00	5.986767e-03
2.225999999999953e+00	-1.556638e+00	6.086812e-03
2.226999999999953e+00	-1.535325e+00	6.188374e-03
2.227999999999953e+00	-1.513705e+00	6.291474e-03
2.228999999999953e+00	-1.491774e+00	6.396129e-03
2.229999999999953e+00	-1.469528e+00	6.502360e-03
2.230999999999953e+00	-1.446963e+00	6.610187e-03
2.231999999999953e+00	-1.424074e+00	6.719630e-03
2.232999999999953e+00	-1.400858e+00	6.830709e-03
2.233999999999952e+00	-1.377311e+00	6.943446e-03
2.234999999999952e+00	-1.353428e+00	7.057860e-03
2.235999999999952e+00	-1.329206e+00	7.173972e-03
2.236999999999952e+00	-1.304639e+00	7.291804e-03
2.237999999999952e+00	-1.279725e+00	7.411376e-03
2.238999999999952e+00	-1.254458e+00	7.532710e-03
2.239999999999952e+00	-1.228834e+00	7.655828e-03
2.240999999999952e+00	-1.202850e+00	7.780751e-03
2.241999999999952e+00	-1.176500e+00	7.907501e-03
2.242999999999951e+00	-1.149780e+00	8.036101e-03
2.243999999999951e+00	-1.122686e+00	8.166572e-03
2.244999999999951e+00	-1.095213e+00	8.298936e-03
2.245999999999951e+00	-1.067357e+00	8.433217e-03
2.246999999999951e+00	-1.039113e+00	8.569436e-03
2.247999999999951e+00	-1.010477e+00	8.707618e-03
2.248999999999951e+00	-9.814429e-01	8.847784e-03
2.249999999999951e+00	-9.520080e-01	8.989959e-03
2.250999999999951e+00	-9.221668e-01	9.134166e-03
2.251999999999950e+00	-8.919144e-01	9.280427e-03
2.252999999999950e+00	-8.612463e-01	9.428767e-03
2.253999999999950e+00	-8.301578e-01	9.579211e-03
2.254999999999950e+00	-7.986436e-01	9.731781e-03
2.255999999999950e+00	-7.666996e-01	9.886502e-03
2.256999999999950e+00	-7.343204e-01	1.004340e-02
2.257999999999950e+00	-7.015011e-01	1.020249e-02
2.258999999999950e+00	-6.682367e-01	1.036382e-02
2.259999999999950e+00	-6.345229e-01	1.052739e-02
2.260999999999949e+00	-6.003540e-01	1.069323e-02
2.261999999999949e+00	-5.657248e-01	1.086138e-02
2.262999999999949e+00	-5.306311e-01	1.103184e-02
2.263999999999949e+00	-4.950671e-01	1.120466e-02
2.264999999999949e+00	-4.590278e-01	1.137986e-02
2.265999999999949e+00	-4.225082e-01	1.155746e-02
2.266999999999949e+00	-3.855031e-01	1.173748e-02
2.267999999999949e+00	-3.480072e-01	1.191996e-02
2.268999999999949e+00	-3.100152e-01	1.210492e-02
2.269999999999949e+00	-2.715220e-01	1.229239e-02
2.270999999999948e+00	-2.325225e-01	1.248239e-02
2.271999999999948e+00	-1.930106e-01	1.267495e-02
2.272999999999948e+00	-1.529815e-01	1.287009e-02
2.273999999999948e+00	-1.124301e-01	1.306785e-02
2.274999999999948e+00	-7.135010e-02	1.326825e-02
2.275999999999948e+00	-2.973700e-02	1.347131e-02
2.276999999999948e+00	1.241517e-02	1.367708e-02
2.277999999999948e+00	5.511212e-02	1.388556e-02
2.278999999999948e+00	9.835863e-02	1.409679e-02
2.279999999999947e+00	1.421609e-01	1.431080e-02
2.280999999999947e+00	1.865242e-01	1.452762e-02
2.281999999999947e+00	2.314544e-01	1.474727e-02
2.282999999999947e+00	2.769568e-01	1.496978e-02
2.283999999999947e+00	3.230371e-01	1.519519e-02
2.284999999999947e+00	3.697014e-01	1.542351e-02
2.285999999999947e+00	4.169546e-01	1.565477e-02
2.286999999999947e+00	4.648031e-01	1.588902e-02
2.287999999999947e+00	5.132525e-01	1.612626e-02
2.288999999999946e+00	5.623083e-01	1.636654e-02
2.289999999999946e+00	6.119764e-01	1.660988e-02
2.290999999999946e+00	6.622627e-01	1.685631e-02
2.291999999999946e+00	7.131732e-01	1.710587e-02
2.292999999999946e+00	7.647132e-01	1.735857e-02
2.293999999999946e+00	8.168889e-01	1.761444e-02
2.294999999999946e+00	8.697065e-01	1.787353e-02
2.295999999999946e+00	9.231713e-01	1.813586e-02
2.296999999999946e+00	9.772894e-01	1.840145e-02
2.297999999999945e+00	1.032067e+00	1.867034e-02
2.298999999999945e+00	1.087510e+00	1.894255e-02
2.299999999999945e+00	1.143624e+00	1.921812e-02
2.300999999999945e+00	1.200416e+00	1.949708e-02
2.301999999999945e+00	1.257890e+00	1.977945e-02
2.302999999999945e+00	1.316054e+00	2.006527e-02
2.303999999999945e+00	1.374913e+00	2.035457e-02
2.304999999999945e+00	1.434474e+00	2.064737e-02
2.305999999999945e+00	1.494742e+00	2.094371e-02
2.306999999999944e+00	1.555724e+00	2.124362e-02
2.307999999999944e+00	1.617425e+00	2.154713e-02
2.308999999999944e+00	1.679852e+00	2.185426e-02
2.309999999999944e+00	1.743011e+00	2.216506e-02
2.310999999999944e+00	1.806908e+00	2.247954e-02
2.311999999999944e+00	1.871549e+00	2.279774e-02
2.312999999999944e+00	1.936940e+00	2.311970e-02
2.313999999999944e+00	2.003088e+00	2.344544e-02
2.314999999999944e+00	2.069998e+00	2.377499e-02
2.315999999999943e+00	2.137677e+00	2.410839e-02
2.316999999999943e+00	2.206131e+00	2.444566e-02
2.317999999999943e+00	2.245350e+00	2.463675e-02
2.318999999999943e+00	2.250538e+00	2.465769e-02
2.319999999999943e+00	2.254381e+00	2.467190e-02
2.320999999999943e+00	2.257525e+00	2.468262e-02
2.321999999999943e+00	2.260354e+00	2.469177e-02
2.322999999999943e+00	2.262956e+00	2.469978e-02
2.323999999999943e+00	2.265385e+00	2.470693e-02
2.324999999999942e+00	2.267681e+00	2.471340e-02
2.325999999999942e+00	2.269868e+00	2.471934e-02
2.326999999999942e+00	2.271967e+00	2.472483e-02
2.327999999999942e+00	2.273991e+00	2.472995e-02
2.328999999999942e+00	2.275951e+00	2.473476e-02
2.329999999999942e+00	2.277856e+00	2.473928e-02
2.330999999999942e+00	2.279712e+00	2.474356e-02
2.331999999999942e+00	2.281524e+00	2.474762e-02
2.332999999999942e+00	2.283298e+00	2.475149e-02
2.333999999999941e+00	2.285037e+00	2.475519e-02
2.334999999999941e+00	2.286744e+00	2.475872e-02
2.335999999999941e+00	2.288423e+00	2.476211e-02
2.336999999999941e+00	2.290075e+00	2.476537e-02
2.337999999999941e+00	2.291703e+00	2.476851e-02
2.338999999999941e+00	2.293308e+00	2.477154e-02
2.339999999999941e+00	2.294892e+00	2.477446e-02
2.340999999999941e+00	2.296457e+00	2.477729e-02
2.341999999999941e+00	2.298004e+00	2.478002e-02
2.342999999999940e+00	2.299534e+00	2.478267e-02
2.343999999999940e+00	2.301048e+00	2.478524e-02
2.344999999999940e+00	2.302547e+00	2.478774e-02
2.345999999999940e+00	2.304032e+00	2.479016e-02
2.346999999999940e+00	2.305504e+00	2.479252e-02
2.347999999999940e+00	2.306963e+00	2.479482e-02
2.348999999999940e+00	2.308410e+00	2.479705e-02
2.349999999999940e+00	2.309845e+00	2.479923e-02
2.350999999999940e+00	2.311271e+00	2.480135e-02
2.351999999999939e+00	2.312685e+00	2.480342e-02
2.352999999999939e+00	2.314090e+00	2.480545e-02
2.353999999999939e+00	2.315485e+00	2.480743e-02
2.354999999999939e+00	2.316871e+00	2.480936e-02
2.355999999999939e+00	2.318249e+00	2.481125e-02
2.356999999999939e+00	2.319619e+00	2.481309e-02
2.357999999999939e+00	2.320980e+00	2.481490e-02
2.358999999999939e+00	2.322334e+00	2.481667e-02
2.359999999999939e+00	2.323681e+00	2.481841e-02
2.360999999999938e+00	2.325021e+00	2.482011e-02
2.361999999999938e+00	2.326354e+00	2.482177e-02
2.362999999999938e+00	2.327680e+00	2.482340e-02
2.363999999999938e+00	2.329001e+00	2.482500e-02
2.364999999999938e+00	2.330315e+00	2.482658e-02
2.365999999999938e+00	2.331623e+00	2.482812e-02
2.366999999999938e+00	2.332926e+00	2.482963e-02
2.367999999999938e+00	2.334223e+00	2.483111e-02
2.368999999999938e+00	2.335515e+00	2.483257e-02
2.369999999999937e+00	2.336801e+00	2.483401e-02
2.370999999999937e+00	2.338083e+00	2.483542e-02
2.371999999999937e+00	2.339360e+00	2.483680e-02
2.372999999999937e+00	2.340632e+00	2.483816e-02
2.373999999999937e+00	2.341900e+00	2.483950e-02
2.374999999999937e+00	2.343163e+00	2.484082e-02
2.375999999999937e+00	2.344422e+00	2.484211e-02
2.376999999999937e+00	2.345677e+00	2.484339e-02
2.377999999999937e+00	2.346928e+00	2.484464e-02
2.378999999999936e+00	2.348175e+00	2.484587e-02
2.379999999999936e+00	2.349418e+00	2.484709e-02
2.380999999999936e+00	2.350657e+00	2.484829e-02
2.381999999999936e+00	2.351893e+00	2.484946e-02
2.382999999999936e+00	2.353125e+00	2.485062e-02
2.383999999999936e+00	2.354354e+00	2.485177e-02
2.384999999999936e+00	2.355579e+00	2.485289e-02
2.385999999999936e+00	2.356801e+00	2.485400e-02
2.386999999999936e+00	2.358020e+00	2.485510e-02
2.387999999999936e+00	2.359235e+00	2.485618e-02
2.388999999999935e+00	2.360448e+00	2.485724e-02
2.389999999999935e+00	2.361658e+00	2.485829e-02
2.390999999999935e+00	2.362864e+00	2.485932e-02
2.391999999999935e+00	2.364068e+00	2.486034e-02
2.392999999999935e+00	2.365269e+00	2.486135e-02
2.393999999999935e+00	2.366467e+00	2.486234e-02
2.394999999999935e+00	2.367663e+00	2.486332e-02
2.395999999999935e+00	2.368856e+00	2.486428e-02
2.396999999999935e+00	2.370047e+00	2.486523e-02
2.397999999999934e+00	2.371235e+00	2.486617e-02
2.398999999999934e+00	2.372420e+00	2.486710e-02
2.400000000000000e+00	2.373604e+00	2.486802e-02
